{"metadata": {"resolution": 0.5, "width": 120, "height": 90, "origin": [-5.0, -20.0]}, "goal_pos": [50.0, -13.0], "potential_grid": [[152.15625, 149.43125, 146.73125000000002, 144.05625, 141.40625, 138.78125, 136.18125, 133.60625000000002, 131.05625, 128.53125, 126.03125, 123.55625, 121.10625, 118.68125, 116.28125, 113.90625, 111.55625, 109.23125, 106.93125, 104.65625, 102.40625, 100.18125, 97.98125, 95.80625, 93.65625, 91.53125, 89.43125, 87.35625, 85.30625, 83.28125, 81.28125, 79.30625, 77.35625, 75.43125, 73.53125, 71.65625, 69.80625, 67.98125, 66.18125, 64.40625, 62.65625, 60.931250000000006, 59.23125, 57.556250000000006, 55.90625, 54.28125, 52.681250000000006, 51.10625, 49.556250000000006, 48.03125, 46.53125, 45.056250000000006, 43.60625, 42.181250000000006, 40.78125, 39.40625, 38.05625, 36.73125, 35.43125, 34.15625, 32.90625, 31.681250000000002, 30.481250000000003, 29.306250000000002, 28.15625, 27.03125, 25.931250000000002, 24.856250000000003, 23.806250000000002, 22.81032633666255, 21.966455516036362, 21.425875457711353, 21.361916719319005, 21.920011116923938, 23.13881714748194, 24.883594551183496, 26.845448917354823, 28.64022632105638, 29.95903235161439, 30.63805041255677, 30.61796249479061, 29.89296249479061, 28.46305041255677, 26.334032351614383, 23.56522632105637, 20.320448917354817, 16.908594551183498, 13.713817147481944, 11.045011116923934, 9.036916719319004, 7.650875457711349, 6.741455516036361, 6.135326336662547, 5.68125, 5.28125, 4.90625, 4.55625, 4.23125, 3.9312500000000004, 3.65625, 3.40625, 3.1812500000000004, 2.98125, 2.8062500000000004, 2.65625, 2.53125, 2.4312500000000004, 2.35625, 2.30625, 2.28125, 2.28125, 2.30625, 2.35625, 2.4312500000000004, 2.53125, 2.65625, 2.8062500000000004, 2.98125, 3.1812500000000004, 3.40625], [151.83125, 149.10625000000002, 146.40625, 143.73125000000002, 141.08125, 138.45625, 135.85625000000002, 133.28125, 130.73125000000002, 128.20625, 125.70625000000001, 123.23125, 120.78125, 118.35625, 115.95625000000001, 113.58125000000001, 111.23125, 108.90625, 106.60625, 104.33125000000001, 102.08125000000001, 99.85625, 97.65625, 95.48125, 93.33125000000001, 91.20625000000001, 89.10625, 87.03125, 84.98125, 82.95625000000001, 80.95625000000001, 78.98125, 77.03125, 75.10625, 73.20625, 71.33125, 69.48125, 67.65625, 65.85625, 64.08125, 62.331250000000004, 60.60625, 58.90625, 57.23125, 55.581250000000004, 53.956250000000004, 52.35625, 50.78125, 49.23125, 47.706250000000004, 46.206250000000004, 44.73125, 43.28125, 41.85625, 40.456250000000004, 39.081250000000004, 37.73125, 36.40625, 35.10625, 33.831250000000004, 32.581250000000004, 31.356250000000003, 30.15625, 28.981250000000003, 27.83125, 26.70625, 25.606250000000003, 24.53125, 23.49564898231317, 22.60531962452428, 22.07587545771135, 22.221586899076097, 23.419824768378724, 26.022738233571246, 30.179020653512957, 35.61912262486033, 41.580976984631654, 47.07107895597903, 51.31296239360756, 53.93120521658898, 54.858887252704534, 54.13388725270453, 51.75620521658899, 47.68796239360757, 41.99607895597903, 35.055976984631656, 27.64412262486033, 20.754020653512953, 15.147738233571246, 11.094824768378725, 8.446586899076094, 6.850875457711349, 5.930319624524278, 5.370648982313169, 4.956250000000001, 4.58125, 4.23125, 3.90625, 3.60625, 3.3312500000000003, 3.0812500000000003, 2.85625, 2.65625, 2.48125, 2.3312500000000003, 2.2062500000000003, 2.10625, 2.03125, 1.9812500000000002, 1.95625, 1.95625, 1.9812500000000002, 2.03125, 2.10625, 2.2062500000000003, 2.3312500000000003, 2.48125, 2.65625, 2.85625, 3.0812500000000003], [151.53125, 148.80625, 146.10625000000002, 143.43125, 140.78125, 138.15625, 135.55625, 132.98125000000002, 130.43125, 127.90625, 125.40625, 122.93125, 120.48125, 118.05625, 115.65625, 113.28125, 110.93125, 108.60625, 106.30625, 104.03125, 101.78125, 99.55625, 97.35625, 95.18125, 93.03125, 90.90625, 88.80625, 86.73125, 84.68125, 82.65625, 80.65625, 78.68125, 76.73125, 74.80625, 72.90625, 71.03125, 69.18125, 67.35625, 65.55625, 63.78125, 62.03125, 60.306250000000006, 58.60625, 56.931250000000006, 55.28125, 53.65625, 52.056250000000006, 50.48125, 48.931250000000006, 47.40625, 45.90625, 44.431250000000006, 42.98125, 41.556250000000006, 40.15625, 38.78125, 37.43125, 36.10625, 34.80625, 33.53125, 32.28125, 31.056250000000002, 29.856250000000003, 28.681250000000002, 27.53125, 26.40625, 25.306250000000002, 24.232192019111924, 23.252319091189865, 22.593057119518825, 22.661916719319002, 24.069824768378727, 27.62592701011157, 34.228840468904096, 44.49657905895894, 58.063242778690416, 73.02509712346175, 86.64081882408135, 96.93843034205824, 103.3256057725218, 106.01284841445447, 105.28784841445447, 101.15060577252181, 93.31343034205825, 81.56581882408135, 66.50009712346176, 50.08824277869043, 35.07157905895893, 23.353840468904096, 15.30092701011157, 10.294824768378724, 7.436916719319004, 5.918057119518825, 5.127319091189863, 4.65719201911192, 4.28125, 3.9312500000000004, 3.60625, 3.3062500000000004, 3.03125, 2.78125, 2.5562500000000004, 2.35625, 2.18125, 2.03125, 1.90625, 1.8062500000000001, 1.7312500000000002, 1.6812500000000001, 1.65625, 1.65625, 1.6812500000000001, 1.7312500000000002, 1.8062500000000001, 1.90625, 2.03125, 2.18125, 2.35625, 2.5562500000000004, 2.78125], [151.25625, 148.53125, 145.83125, 143.15625, 140.50625, 137.88125, 135.28125, 132.70625, 130.15625, 127.63125000000001, 125.13125000000001, 122.65625, 120.20625000000001, 117.78125, 115.38125000000001, 113.00625000000001, 110.65625, 108.33125000000001, 106.03125, 103.75625000000001, 101.50625000000001, 99.28125, 97.08125000000001, 94.90625, 92.75625000000001, 90.63125000000001, 88.53125, 86.45625000000001, 84.40625, 82.38125000000001, 80.38125000000001, 78.40625, 76.45625, 74.53125, 72.63125000000001, 70.75625000000001, 68.90625, 67.08125, 65.28125, 63.50625, 61.75625, 60.03125, 58.331250000000004, 56.65625, 55.00625, 53.38125, 51.78125, 50.206250000000004, 48.65625, 47.13125, 45.63125, 44.15625, 42.706250000000004, 41.28125, 39.88125, 38.50625, 37.15625, 35.831250000000004, 34.53125, 33.25625, 32.00625, 30.78125, 29.58125, 28.40625, 27.25625, 26.13125, 25.03125, 23.96889603634452, 23.105183387153033, 22.8379585099785, 23.870011116923934, 27.322738233571243, 34.8788404689041, 48.847795306215154, 71.69675679466388, 103.96519919845193, 140.7048312795195, 173.01062764696303, 195.77330178460323, 209.13448149908885, 214.85853112747625, 214.13353112747626, 206.95948149908884, 192.14830178460326, 167.935627646963, 134.17983127951956, 95.99019919845193, 62.2717567946639, 37.97279530621515, 22.55384046890409, 13.547738233571248, 8.645011116923934, 6.162958509978498, 4.980183387153034, 4.393896036344522, 4.0062500000000005, 3.65625, 3.3312500000000003, 3.03125, 2.75625, 2.50625, 2.28125, 2.0812500000000003, 1.90625, 1.75625, 1.63125, 1.53125, 1.45625, 1.40625, 1.38125, 1.38125, 1.40625, 1.45625, 1.53125, 1.63125, 1.75625, 1.90625, 2.0812500000000003, 2.28125, 2.50625], [151.00625, 148.28125, 145.58125, 142.90625, 140.25625, 137.63125, 135.03125, 132.45625, 129.90625, 127.38125000000001, 124.88125000000001, 122.40625, 119.95625000000001, 117.53125, 115.13125000000001, 112.75625000000001, 110.40625, 108.08125000000001, 105.78125, 103.50625000000001, 101.25625000000001, 99.03125, 96.83125000000001, 94.65625, 92.50625000000001, 90.38125000000001, 88.28125, 86.20625000000001, 84.15625, 82.13125000000001, 80.13125000000001, 78.15625, 76.20625, 74.28125, 72.38125000000001, 70.50625000000001, 68.65625, 66.83125, 65.03125, 63.25625, 61.50625, 59.78125, 58.081250000000004, 56.40625, 54.75625, 53.13125, 51.53125, 49.956250000000004, 48.40625, 46.88125, 45.38125, 43.90625, 42.456250000000004, 41.03125, 39.63125, 38.25625, 36.90625, 35.581250000000004, 34.28125, 33.00625, 31.75625, 30.53125, 29.33125, 28.15625, 27.00625, 25.88125, 24.78125, 23.747560076380108, 23.06477536641135, 23.355875183534582, 25.738817147481942, 32.12902065351296, 45.79657905895894, 72.34675679466389, 120.91144698494006, 201.40280163762304, 302.1424335586907, 382.64247813499344, 430.9399530352383, 456.32403095382006, 466.8086473953186, 466.0836473953186, 454.14903095382004, 427.31495303523826, 377.56747813499345, 295.6174335586906, 193.42780163762302, 111.48644698494005, 61.4717567946639, 33.47157905895894, 18.35402065351295, 10.513817147481943, 6.680875183534582, 4.939775366411351, 4.1725600763801065, 3.75625, 3.40625, 3.0812500000000003, 2.78125, 2.50625, 2.25625, 2.03125, 1.83125, 1.65625, 1.50625, 1.38125, 1.28125, 1.20625, 1.15625, 1.13125, 1.13125, 1.15625, 1.20625, 1.28125, 1.38125, 1.50625, 1.65625, 1.83125, 2.03125, 2.25625], [150.78125, 148.05625, 145.35625000000002, 142.68125, 140.03125, 137.40625, 134.80625, 132.23125000000002, 129.68125, 127.15625, 124.65625, 122.18125, 119.73125, 117.30625, 114.90625, 112.53125, 110.18125, 107.85625, 105.55625, 103.28125, 101.03125, 98.80625, 96.60625, 94.43125, 92.28125, 90.15625, 88.05625, 85.98125, 83.93125, 81.90625, 79.90625, 77.93125, 75.98125, 74.05625, 72.15625, 70.28125, 68.43125, 66.60625, 64.80625, 63.03125, 61.28125, 59.556250000000006, 57.85625, 56.181250000000006, 54.53125, 52.90625, 51.306250000000006, 49.73125, 48.181250000000006, 46.65625, 45.15625, 43.681250000000006, 42.23125, 40.806250000000006, 39.40625, 38.03125, 36.68125, 35.35625, 34.05625, 32.78125, 31.53125, 30.306250000000002, 29.106250000000003, 27.931250000000002, 26.78125, 25.65625, 24.556250000000002, 23.566086770676648, 23.114369446825744, 24.091760763638728, 28.133594551183496, 38.21912262486033, 60.01324277869044, 105.26519919845192, 202.052801637623, 429.97561330969677, 854.7152437907645, 1000.0, 1000.0, 1000.0, 1000.0, 1000.0, 1000.0, 1000.0, 1000.0, 848.1902437907645, 422.0006133096968, 192.62780163762307, 94.39019919845191, 47.68824277869042, 24.44412262486033, 12.908594551183498, 7.416760763638729, 4.989369446825744, 3.991086770676645, 3.53125, 3.1812500000000004, 2.85625, 2.5562500000000004, 2.28125, 2.03125, 1.8062500000000001, 1.6062500000000002, 1.4312500000000001, 1.28125, 1.15625, 1.0562500000000001, 0.9812500000000001, 0.93125, 0.90625, 0.90625, 0.93125, 0.9812500000000001, 1.0562500000000001, 1.15625, 1.28125, 1.4312500000000001, 1.6062500000000002, 1.8062500000000001, 2.03125], [150.58125, 147.85625000000002, 145.15625, 142.48125000000002, 139.83125, 137.20625, 134.60625000000002, 132.03125, 129.48125000000002, 126.95625000000001, 124.45625000000001, 121.98125, 119.53125, 117.10625, 114.70625000000001, 112.33125000000001, 109.98125, 107.65625, 105.35625, 103.08125000000001, 100.83125000000001, 98.60625, 96.40625, 94.23125, 92.08125000000001, 89.95625000000001, 87.85625, 85.78125, 83.73125, 81.70625000000001, 79.70625000000001, 77.73125, 75.78125, 73.85625, 71.95625, 70.08125, 68.23125, 66.40625, 64.60625, 62.831250000000004, 61.081250000000004, 59.35625, 57.65625, 55.98125, 54.331250000000004, 52.706250000000004, 51.10625, 49.53125, 47.98125, 46.456250000000004, 44.956250000000004, 43.48125, 42.03125, 40.60625, 39.206250000000004, 37.831250000000004, 36.48125, 35.15625, 33.85625, 32.581250000000004, 31.33125, 30.106250000000003, 28.90625, 27.731250000000003, 26.58125, 25.45625, 24.356250000000003, 23.41546948650655, 23.21375216203065, 24.925837354995238, 30.74544891735482, 44.83097698463166, 75.62509712346176, 142.65483127951953, 303.4424335586906, 855.3652437907646, 1000.0, 1000.0, 1000.0, 1000.0, 1000.0, 1000.0, 1000.0, 1000.0, 1000.0, 1000.0, 847.3902437907647, 294.01743355869064, 131.77983127951953, 63.300097123461754, 31.055976984631656, 15.520448917354823, 8.250837354995236, 5.088752162030648, 3.840469486506549, 3.3312500000000003, 2.98125, 2.65625, 2.35625, 2.0812500000000003, 1.83125, 1.6062500000000002, 1.40625, 1.2312500000000002, 1.08125, 0.95625, 0.8562500000000001, 0.78125, 0.7312500000000001, 0.70625, 0.70625, 0.7312500000000001, 0.78125, 0.8562500000000001, 0.95625, 1.08125, 1.2312500000000002, 1.40625, 1.6062500000000002, 1.83125], [150.40625, 147.68125, 144.98125000000002, 142.30625, 139.65625, 137.03125, 134.43125, 131.85625000000002, 129.30625, 126.78125, 124.28125, 121.80625, 119.35625, 116.93125, 114.53125, 112.15625, 109.80625, 107.48125, 105.18125, 102.90625, 100.65625, 98.43125, 96.23219201911192, 94.06889603634453, 91.9475600763801, 89.86608677067665, 87.81546948650656, 85.78399618080309, 83.76266022083868, 81.74936423807128, 79.7503062571832, 77.7753062571832, 75.82436423807128, 73.88766022083868, 71.95899618080308, 70.04046948650655, 68.14108677067665, 66.2725600763801, 64.44389603634453, 62.65719201911192, 60.90625, 59.181250000000006, 57.48125, 55.806250000000006, 54.15625, 52.53125, 50.931250000000006, 49.35625, 47.806250000000006, 46.28125, 44.78125, 43.306250000000006, 41.85625, 40.431250000000006, 39.03125, 37.65625, 36.30625, 34.98125, 33.68125, 32.40625, 31.15625, 29.931250000000002, 28.731250000000003, 27.556250000000002, 26.40625, 25.28125, 24.181250000000002, 23.28399618080309, 23.313346242445043, 25.711722935099385, 33.19022632105637, 50.97107895597904, 89.89081882408138, 175.61062764696294, 384.5924781349934, 1000.0, 1000.0, 1000.0, 1000.0, 1000.0, 1000.0, 1000.0, 1000.0, 1000.0, 1000.0, 1000.0, 1000.0, 375.1674781349935, 164.735627646963, 77.56581882408135, 37.19607895597903, 17.965226321056377, 9.036722935099384, 5.18834624244504, 3.708996180803088, 3.15625, 2.8062500000000004, 2.48125, 2.18125, 1.90625, 1.65625, 1.4312500000000001, 1.2312500000000002, 1.0562500000000001, 0.90625, 0.78125, 0.68125, 0.6062500000000001, 0.55625, 0.53125, 0.53125, 0.55625, 0.6062500000000001, 0.68125, 0.78125, 0.90625, 1.0562500000000001, 1.2312500000000002, 1.4312500000000001, 1.65625], [150.25625, 147.53125, 144.83125, 142.15625, 139.50625, 136.88125, 134.28125, 131.70625, 129.15625, 126.63125000000001, 124.13125000000001, 121.65625, 119.20625000000001, 116.78125, 114.38125000000001, 112.00625000000001, 109.65625, 107.33125000000001, 105.03125, 102.75625000000001, 100.50625000000001, 98.29564898231317, 96.15231909118987, 94.10518338715303, 92.16477536641136, 90.31436944682575, 88.51375216203064, 86.71334624244506, 84.87293822170335, 82.97580251766654, 81.03247262654322, 79.05747262654322, 77.05080251766653, 74.99793822170335, 72.88834624244505, 70.73875216203065, 68.58936944682574, 66.48977536641135, 64.48018338715303, 62.577319091189864, 60.77064898231317, 59.03125, 57.331250000000004, 55.65625, 54.00625, 52.38125, 50.78125, 49.206250000000004, 47.65625, 46.13125, 44.63125, 43.15625, 41.706250000000004, 40.28125, 38.88125, 37.50625, 36.15625, 34.831250000000004, 33.53125, 32.25625, 31.00625, 29.78125, 28.58125, 27.40625, 26.25625, 25.13125, 24.03125, 23.162660220838674, 23.372938221703357, 26.329639608655466, 35.159032351614385, 55.86296239360757, 100.83843034205825, 199.02330178460318, 433.5399530352383, 1000.0, 1000.0, 1000.0, 1000.0, 1000.0, 1000.0, 1000.0, 1000.0, 1000.0, 1000.0, 1000.0, 1000.0, 424.1149530352384, 188.14830178460323, 88.51343034205824, 42.087962393607576, 19.934032351614388, 9.654639608655465, 5.247938221703356, 3.5876602208386723, 3.00625, 2.65625, 2.3312500000000003, 2.03125, 1.75625, 1.50625, 1.28125, 1.08125, 0.90625, 0.7562500000000001, 0.6312500000000001, 0.53125, 0.45625000000000004, 0.40625, 0.38125000000000003, 0.38125000000000003, 0.40625, 0.45625000000000004, 0.53125, 0.6312500000000001, 0.7562500000000001, 0.90625, 1.08125, 1.28125, 1.50625], [150.13125, 147.40625, 144.70625, 142.03125, 139.38125, 136.75625, 134.15625, 131.58125, 129.03125, 126.50625000000001, 124.00625000000001, 121.53125, 119.08125000000001, 116.65625, 114.25625000000001, 111.88125000000001, 109.53125, 107.20625000000001, 104.90625, 102.63166229662697, 100.41032633666255, 98.30531962452427, 96.39305711951883, 94.7379585099785, 93.3558751835346, 92.19176076363874, 91.12583735499524, 90.0117229350994, 88.72963960865546, 87.22412870248819, 85.48320215744715, 83.50820215744714, 81.29912870248818, 78.85463960865546, 76.1867229350994, 73.35083735499525, 70.46676076363873, 67.68087518353458, 65.1129585099785, 62.818057119518826, 60.78031962452428, 58.93532633666255, 57.206662296626966, 55.53125, 53.88125, 52.25625, 50.65625, 49.081250000000004, 47.53125, 46.00625, 44.50625, 43.03125, 41.581250000000004, 40.15625, 38.75625, 37.38125, 36.03125, 34.706250000000004, 33.40625, 32.13125, 30.88125, 29.65625, 28.45625, 27.28125, 26.13125, 25.00625, 23.90625, 23.049364238071274, 23.37580251766653, 26.724128702488176, 36.488050412556774, 59.13120521658898, 107.87560577252181, 213.03448149908877, 459.57403095382006, 1000.0, 1000.0, 1000.0, 1000.0, 1000.0, 1000.0, 1000.0, 1000.0, 1000.0, 1000.0, 1000.0, 1000.0, 450.14903095382016, 202.15948149908886, 95.5506057725218, 45.35620521658899, 21.26305041255677, 10.049128702488176, 5.2508025176665285, 3.474364238071274, 2.88125, 2.53125, 2.2062500000000003, 1.90625, 1.63125, 1.38125, 1.15625, 0.95625, 0.78125, 0.6312500000000001, 0.50625, 0.40625, 0.33125000000000004, 0.28125, 0.25625000000000003, 0.25625000000000003, 0.28125, 0.33125000000000004, 0.40625, 0.50625, 0.6312500000000001, 0.78125, 0.95625, 1.15625, 1.38125], [150.03125, 147.30625, 144.60625000000002, 141.93125, 139.28125, 136.65625, 134.05625, 131.48125000000002, 128.93125, 126.40625, 123.90625, 121.43125, 118.98125, 116.55625, 114.15625, 111.78125, 109.43125, 107.10625, 104.80625, 102.56032633666254, 100.46645551603636, 98.67587545771136, 97.36191671931901, 96.67001111692394, 96.63881714748194, 97.13359455118349, 97.84544891735483, 98.39022632105639, 98.4590323516144, 97.88805041255677, 96.61796249479062, 94.64296249479062, 91.96305041255677, 88.58403235161438, 84.56522632105637, 80.07044891735482, 75.4085945511835, 70.96381714748195, 67.04501111692394, 63.786916719319, 61.15087545771135, 58.99145551603637, 57.13532633666255, 55.431250000000006, 53.78125, 52.15625, 50.556250000000006, 48.98125, 47.431250000000006, 45.90625, 44.40625, 42.931250000000006, 41.48125, 40.056250000000006, 38.65625, 37.28125, 35.93125, 34.60625, 33.30625, 32.03125, 30.78125, 29.556250000000002, 28.356250000000003, 27.181250000000002, 26.03125, 24.90625, 23.806250000000002, 22.950306257183197, 23.332472626543225, 26.883202157447137, 37.11796249479061, 60.70888725270454, 111.2128484144545, 219.4085311274762, 470.70864739531856, 1000.0, 1000.0, 1000.0, 1000.0, 1000.0, 1000.0, 1000.0, 1000.0, 1000.0, 1000.0, 1000.0, 1000.0, 461.2836473953187, 208.53353112747624, 98.88784841445447, 46.933887252704544, 21.89296249479061, 10.20820215744714, 5.207472626543222, 3.375306257183194, 2.78125, 2.4312500000000004, 2.10625, 1.8062500000000001, 1.53125, 1.28125, 1.0562500000000001, 0.8562500000000001, 0.68125, 0.53125, 0.40625, 0.30625, 0.23125, 0.18125000000000002, 0.15625, 0.15625, 0.18125000000000002, 0.23125, 0.30625, 0.40625, 0.53125, 0.68125, 0.8562500000000001, 1.0562500000000001, 1.28125], [149.95625, 147.23125000000002, 144.53125, 141.85625000000002, 139.20625, 136.58125, 133.98125000000002, 131.40625, 128.85625000000002, 126.33125000000001, 123.83125000000001, 121.35625, 118.90625, 116.48125, 114.08125000000001, 111.70625000000001, 109.35625, 107.03125, 104.74564898231317, 102.60531962452428, 100.82587545771136, 99.7215868990761, 99.66982476837873, 101.02273823357125, 103.92902065351296, 108.11912262486034, 112.83097698463166, 117.07107895597903, 120.06296239360756, 121.43120521658898, 121.10888725270455, 119.13388725270454, 115.506205216589, 110.18796239360756, 103.24607895597903, 95.05597698463166, 86.39412262486033, 78.25402065351295, 71.39773823357125, 66.09482476837873, 62.196586899076095, 59.35087545771135, 57.18031962452428, 55.37064898231317, 53.706250000000004, 52.081250000000004, 50.48125, 48.90625, 47.35625, 45.831250000000004, 44.331250000000004, 42.85625, 41.40625, 39.98125, 38.581250000000004, 37.206250000000004, 35.85625, 34.53125, 33.23125, 31.95625, 30.70625, 29.481250000000003, 28.28125, 27.106250000000003, 25.95625, 24.83125, 23.731250000000003, 22.875306257183194, 23.257472626543226, 26.808202157447138, 37.042962494790615, 60.633887252704525, 111.1378484144545, 219.3335311274762, 470.6336473953186, 1000.0, 1000.0, 1000.0, 1000.0, 1000.0, 1000.0, 1000.0, 1000.0, 1000.0, 1000.0, 1000.0, 1000.0, 461.2086473953188, 208.45853112747622, 98.81284841445445, 46.85888725270455, 21.817962494790606, 10.133202157447139, 5.132472626543222, 3.3003062571831943, 2.7062500000000003, 2.35625, 2.03125, 1.7312500000000002, 1.45625, 1.20625, 0.9812500000000001, 0.78125, 0.6062500000000001, 0.45625000000000004, 0.33125000000000004, 0.23125, 0.15625, 0.10625000000000001, 0.08125, 0.08125, 0.10625000000000001, 0.15625, 0.23125, 0.33125000000000004, 0.45625000000000004, 0.6062500000000001, 0.78125, 0.9812500000000001, 1.20625], [149.90625, 147.18125, 144.48125000000002, 141.80625, 139.15625, 136.53125, 133.93125, 131.35625000000002, 128.80625, 126.28125, 123.78125, 121.30625, 118.85625, 116.43125, 114.03125, 111.65625, 109.30625, 106.98219201911192, 104.75231909118986, 102.84305711951882, 101.66191671931901, 101.81982476837874, 104.12592701011157, 109.4788404689041, 118.49657905895894, 130.8132427786904, 144.52509712346176, 156.89081882408135, 165.93843034205824, 171.07560577252178, 172.51284841445448, 170.53784841445446, 165.15060577252183, 156.06343034205827, 143.06581882408136, 126.75009712346176, 109.08824277869044, 92.82157905895893, 79.8538404689041, 70.55092701011156, 64.29482476837873, 60.18691671931901, 57.41805711951883, 55.37731909118987, 53.65719201911192, 52.03125, 50.431250000000006, 48.85625, 47.306250000000006, 45.78125, 44.28125, 42.806250000000006, 41.35625, 39.931250000000006, 38.53125, 37.15625, 35.80625, 34.48125, 33.18125, 31.90625, 30.65625, 29.431250000000002, 28.231250000000003, 27.056250000000002, 25.90625, 24.78125, 23.681250000000002, 22.824364238071276, 23.15080251766653, 26.499128702488175, 36.263050412556765, 58.90620521658899, 107.65060577252181, 212.80948149908878, 459.34903095382003, 1000.0, 1000.0, 1000.0, 1000.0, 1000.0, 1000.0, 1000.0, 1000.0, 1000.0, 1000.0, 1000.0, 1000.0, 449.9240309538202, 201.93448149908886, 95.32560577252181, 45.13120521658899, 21.03805041255677, 9.824128702488178, 5.025802517666529, 3.2493642380712737, 2.65625, 2.30625, 1.9812500000000002, 1.6812500000000001, 1.40625, 1.15625, 0.93125, 0.7312500000000001, 0.55625, 0.40625, 0.28125, 0.18125000000000002, 0.10625000000000001, 0.05625, 0.03125, 0.03125, 0.05625, 0.10625000000000001, 0.18125000000000002, 0.28125, 0.40625, 0.55625, 0.7312500000000001, 0.93125, 1.15625], [149.88125, 147.15625, 144.45625, 141.78125, 139.13125, 136.50625, 133.90625, 131.33125, 128.78125, 126.25625000000001, 123.75625000000001, 121.28125, 118.83125000000001, 116.40625, 114.00625000000001, 111.63125000000001, 109.28125, 106.96889603634453, 104.85518338715303, 103.3379585099785, 103.12001111692395, 105.32273823357124, 111.62884046890412, 124.34779530621515, 145.94675679466388, 176.96519919845193, 212.4548312795195, 243.51062764696303, 265.02330178460323, 277.13448149908885, 281.6085311274763, 279.63353112747626, 271.20948149908884, 255.14830178460326, 229.68562764696304, 194.67983127951956, 155.24019919845193, 120.2717567946639, 94.72279530621515, 78.0538404689041, 67.79773823357125, 61.64501111692393, 57.9129585099785, 55.48018338715303, 53.64389603634452, 52.00625, 50.40625, 48.831250000000004, 47.28125, 45.75625, 44.25625, 42.78125, 41.331250000000004, 39.90625, 38.50625, 37.13125, 35.78125, 34.456250000000004, 33.15625, 31.88125, 30.63125, 29.40625, 28.20625, 27.03125, 25.88125, 24.75625, 23.65625, 22.787660220838674, 22.997938221703357, 25.954639608655466, 34.784032351614385, 55.48796239360757, 100.46343034205825, 198.64830178460318, 433.1649530352383, 1000.0, 1000.0, 1000.0, 1000.0, 1000.0, 1000.0, 1000.0, 1000.0, 1000.0, 1000.0, 1000.0, 1000.0, 423.7399530352385, 187.77330178460323, 88.13843034205823, 41.71296239360757, 19.559032351614384, 9.279639608655467, 4.872938221703356, 3.2126602208386723, 2.63125, 2.28125, 1.95625, 1.65625, 1.38125, 1.13125, 0.90625, 0.70625, 0.53125, 0.38125000000000003, 0.25625000000000003, 0.15625, 0.08125, 0.03125, 0.00625, 0.00625, 0.03125, 0.08125, 0.15625, 0.25625000000000003, 0.38125000000000003, 0.53125, 0.70625, 0.90625, 1.13125], [149.88125, 147.15625, 144.45625, 141.78125, 139.13125, 136.50625, 133.90625, 131.33125, 128.78125, 126.25625000000001, 123.75625000000001, 121.28125, 118.83125000000001, 116.40625, 114.00625000000001, 111.63125000000001, 109.28125, 106.99756007638011, 105.06477536641135, 104.1058751835346, 105.23881714748195, 110.37902065351295, 122.79657905895894, 148.0967567946639, 195.41144698494008, 274.65280163762304, 374.1424335586907, 453.39247813499344, 500.4399530352383, 524.57403095382, 533.8086473953185, 531.8336473953186, 518.64903095382, 490.56495303523826, 439.56747813499345, 356.3674335586906, 252.92780163762302, 169.73644698494005, 118.47175679466389, 89.22157905895894, 72.85402065351295, 63.763817147481944, 58.68087518353458, 55.689775366411354, 53.67256007638011, 52.00625, 50.40625, 48.831250000000004, 47.28125, 45.75625, 44.25625, 42.78125, 41.331250000000004, 39.90625, 38.50625, 37.13125, 35.78125, 34.456250000000004, 33.15625, 31.88125, 30.63125, 29.40625, 28.20625, 27.03125, 25.88125, 24.75625, 23.65625, 22.758996180803088, 22.78834624244504, 25.186722935099386, 32.66522632105637, 50.44607895597903, 89.36581882408137, 175.08562764696296, 384.06747813499345, 1000.0, 1000.0, 1000.0, 1000.0, 1000.0, 1000.0, 1000.0, 1000.0, 1000.0, 1000.0, 1000.0, 1000.0, 374.6424781349936, 164.21062764696302, 77.04081882408133, 36.671078955979034, 17.440226321056375, 8.511722935099385, 4.66334624244504, 3.183996180803088, 2.63125, 2.28125, 1.95625, 1.65625, 1.38125, 1.13125, 0.90625, 0.70625, 0.53125, 0.38125000000000003, 0.25625000000000003, 0.15625, 0.08125, 0.03125, 0.00625, 0.00625, 0.03125, 0.08125, 0.15625, 0.25625000000000003, 0.38125000000000003, 0.53125, 0.70625, 0.90625, 1.13125], [149.90625, 147.18125, 144.48125000000002, 141.80625, 139.15625, 136.53125, 133.93125, 131.35625000000002, 128.80625, 126.28125, 123.78125, 121.30625, 118.85625, 116.43125, 114.03125, 111.65625, 109.30625, 107.06608677067665, 105.36436944682575, 105.09176076363873, 107.88359455118349, 116.71912262486035, 137.26324277869043, 181.2651991984519, 276.802801637623, 503.47561330969677, 926.9652437907645, 1000.0, 1000.0, 1000.0, 1000.0, 1000.0, 1000.0, 1000.0, 1000.0, 909.1902437907645, 481.75061330969686, 251.12780163762307, 151.6401991984519, 103.68824277869042, 79.19412262486033, 66.4085945511835, 59.666760763638734, 55.98936944682575, 53.741086770676645, 52.03125, 50.431250000000006, 48.85625, 47.306250000000006, 45.78125, 44.28125, 42.806250000000006, 41.35625, 39.931250000000006, 38.53125, 37.15625, 35.80625, 34.48125, 33.18125, 31.90625, 30.65625, 29.431250000000002, 28.231250000000003, 27.056250000000002, 25.90625, 24.78125, 23.681250000000002, 22.74046948650655, 22.53875216203065, 24.250837354995237, 30.070448917354817, 44.15597698463166, 74.95009712346176, 141.97983127951954, 302.7674335586906, 854.6902437907646, 1000.0, 1000.0, 1000.0, 1000.0, 1000.0, 1000.0, 1000.0, 1000.0, 1000.0, 1000.0, 846.7152437907646, 293.3424335586907, 131.10483127951954, 62.62509712346177, 30.380976984631655, 14.84544891735482, 7.575837354995237, 4.413752162030647, 3.1654694865065487, 2.65625, 2.30625, 1.9812500000000002, 1.6812500000000001, 1.40625, 1.15625, 0.93125, 0.7312500000000001, 0.55625, 0.40625, 0.28125, 0.18125000000000002, 0.10625000000000001, 0.05625, 0.03125, 0.03125, 0.05625, 0.10625000000000001, 0.18125000000000002, 0.28125, 0.40625, 0.55625, 0.7312500000000001, 0.93125, 1.15625], [149.95625, 147.23125000000002, 144.53125, 141.85625000000002, 139.20625, 136.58125, 133.98125000000002, 131.40625, 128.85625000000002, 126.33125000000001, 123.83125000000001, 121.35625, 118.90625, 116.48125, 114.08125000000001, 111.70625000000001, 109.35625, 107.16546948650655, 105.71375216203064, 106.17583735499525, 110.74544891735484, 123.58097698463166, 153.12509712346176, 218.90483127951956, 378.4424335586906, 929.1152437907647, 1000.0, 1000.0, 1000.0, 1000.0, 1000.0, 1000.0, 1000.0, 1000.0, 1000.0, 1000.0, 907.3902437907647, 352.76743355869064, 189.27983127951953, 119.55009712346175, 86.05597698463166, 69.27044891735483, 60.750837354995234, 56.33875216203065, 53.84046948650656, 52.081250000000004, 50.48125, 48.90625, 47.35625, 45.831250000000004, 44.331250000000004, 42.85625, 41.40625, 39.98125, 38.581250000000004, 37.206250000000004, 35.85625, 34.53125, 33.23125, 31.95625, 30.70625, 29.481250000000003, 28.28125, 27.106250000000003, 25.95625, 24.83125, 23.731250000000003, 22.741086770676645, 22.289369446825745, 23.26676076363873, 27.308594551183496, 37.39412262486033, 59.18824277869044, 104.44019919845191, 201.22780163762306, 429.15061330969684, 853.8902437907645, 1000.0, 1000.0, 1000.0, 1000.0, 1000.0, 1000.0, 1000.0, 1000.0, 847.3652437907646, 421.17561330969687, 191.80280163762308, 93.56519919845192, 46.863242778690434, 23.619122624860328, 12.083594551183499, 6.591760763638729, 4.164369446825743, 3.166086770676645, 2.7062500000000003, 2.35625, 2.03125, 1.7312500000000002, 1.45625, 1.20625, 0.9812500000000001, 0.78125, 0.6062500000000001, 0.45625000000000004, 0.33125000000000004, 0.23125, 0.15625, 0.10625000000000001, 0.08125, 0.08125, 0.10625000000000001, 0.15625, 0.23125, 0.33125000000000004, 0.45625000000000004, 0.6062500000000001, 0.78125, 0.9812500000000001, 1.20625], [150.03125, 147.30625, 144.60625000000002, 141.93125, 139.28125, 136.65625, 134.05625, 131.48125000000002, 128.93125, 126.40625, 123.90625, 121.43125, 118.98125, 116.55625, 114.15625, 111.78125, 109.43125, 107.28399618080309, 106.06334624244505, 107.21172293509939, 113.44022632105637, 129.97107895597904, 167.64081882408138, 252.11062764696294, 459.8424781349934, 1000.0, 1000.0, 1000.0, 1000.0, 1000.0, 1000.0, 1000.0, 1000.0, 1000.0, 1000.0, 1000.0, 1000.0, 434.1674781349935, 222.485627646963, 134.06581882408136, 92.44607895597903, 71.96522632105638, 61.786722935099384, 56.68834624244504, 53.95899618080309, 52.15625, 50.556250000000006, 48.98125, 47.431250000000006, 45.90625, 44.40625, 42.931250000000006, 41.48125, 40.056250000000006, 38.65625, 37.28125, 35.93125, 34.60625, 33.30625, 32.03125, 30.78125, 29.556250000000002, 28.356250000000003, 27.181250000000002, 26.03125, 24.90625, 23.806250000000002, 22.77256007638011, 22.089775366411352, 22.38087518353458, 24.763817147481944, 31.15402065351296, 44.82157905895893, 71.3717567946639, 119.93644698494005, 200.42780163762302, 301.1674335586907, 381.66747813499353, 429.9649530352384, 455.3490309538201, 465.8336473953186, 465.10864739531866, 453.1740309538201, 426.33995303523835, 376.5924781349935, 294.64243355869064, 192.45280163762308, 110.51144698494006, 60.496756794663895, 32.496579058958936, 17.379020653512953, 9.538817147481945, 5.70587518353458, 3.9647753664113514, 3.1975600763801055, 2.78125, 2.4312500000000004, 2.10625, 1.8062500000000001, 1.53125, 1.28125, 1.0562500000000001, 0.8562500000000001, 0.68125, 0.53125, 0.40625, 0.30625, 0.23125, 0.18125000000000002, 0.15625, 0.15625, 0.18125000000000002, 0.23125, 0.30625, 0.40625, 0.53125, 0.68125, 0.8562500000000001, 1.0562500000000001, 1.28125], [150.13125, 147.40625, 144.70625, 142.03125, 139.38125, 136.75625, 134.15625, 131.58125, 129.03125, 126.50625000000001, 124.00625000000001, 121.53125, 119.08125000000001, 116.65625, 114.25625000000001, 111.88125000000001, 109.53125, 107.41266022083869, 106.37293822170335, 108.07963960865547, 115.6590323516144, 135.11296239360757, 178.83843034205825, 275.7733017846032, 509.0399530352383, 1000.0, 1000.0, 1000.0, 1000.0, 1000.0, 1000.0, 1000.0, 1000.0, 1000.0, 1000.0, 1000.0, 1000.0, 483.3649530352384, 246.14830178460323, 145.26343034205826, 97.58796239360757, 74.18403235161439, 62.65463960865547, 56.99793822170336, 54.08766022083867, 52.25625, 50.65625, 49.081250000000004, 47.53125, 46.00625, 44.50625, 43.03125, 41.581250000000004, 40.15625, 38.75625, 37.38125, 36.03125, 34.706250000000004, 33.40625, 32.13125, 30.88125, 29.65625, 28.45625, 27.28125, 26.13125, 25.00625, 23.90625, 22.84389603634452, 21.980183387153033, 21.7129585099785, 22.745011116923934, 26.197738233571243, 33.753840468904095, 47.722795306215154, 70.57175679466388, 102.84019919845193, 139.5798312795195, 171.885627646963, 194.6483017846032, 208.00948149908885, 213.7335311274763, 213.00853112747626, 205.83448149908887, 191.0233017846033, 166.810627646963, 133.05483127951953, 94.86519919845192, 61.1467567946639, 36.84779530621515, 21.42884046890409, 12.422738233571248, 7.520011116923934, 5.037958509978497, 3.8551833871530348, 3.268896036344522, 2.88125, 2.53125, 2.2062500000000003, 1.90625, 1.63125, 1.38125, 1.15625, 0.95625, 0.78125, 0.6312500000000001, 0.50625, 0.40625, 0.33125000000000004, 0.28125, 0.25625000000000003, 0.25625000000000003, 0.28125, 0.33125000000000004, 0.40625, 0.50625, 0.6312500000000001, 0.78125, 0.95625, 1.15625, 1.38125], [150.25625, 147.53125, 144.83125, 142.15625, 139.50625, 136.88125, 134.28125, 131.70625, 129.15625, 126.63125000000001, 124.13125000000001, 121.65625, 119.20625000000001, 116.78125, 114.38125000000001, 112.00625000000001, 109.65625, 107.54936423807129, 106.62580251766653, 108.72412870248819, 117.23805041255677, 138.63120521658897, 186.12560577252182, 290.03448149908877, 535.32403095382, 1000.0, 1000.0, 1000.0, 1000.0, 1000.0, 1000.0, 1000.0, 1000.0, 1000.0, 1000.0, 1000.0, 1000.0, 509.64903095382016, 260.4094814990889, 152.5506057725218, 101.10620521658899, 75.76305041255677, 63.29912870248818, 57.25080251766653, 54.224364238071274, 52.38125, 50.78125, 49.206250000000004, 47.65625, 46.13125, 44.63125, 43.15625, 41.706250000000004, 40.28125, 38.88125, 37.50625, 36.15625, 34.831250000000004, 33.53125, 32.25625, 31.00625, 29.78125, 28.58125, 27.40625, 26.25625, 25.13125, 24.03125, 22.957192019111922, 21.977319091189862, 21.318057119518826, 21.386916719319004, 22.794824768378724, 26.35092701011157, 32.95384046890409, 43.22157905895894, 56.788242778690424, 71.75009712346174, 85.36581882408133, 95.66343034205825, 102.0506057725218, 104.73784841445445, 104.01284841445445, 99.8756057725218, 92.03843034205823, 80.29081882408134, 65.22509712346177, 48.813242778690444, 33.79657905895894, 22.07884046890409, 14.02592701011157, 9.019824768378726, 6.161916719319004, 4.643057119518825, 3.852319091189862, 3.38219201911192, 3.00625, 2.65625, 2.3312500000000003, 2.03125, 1.75625, 1.50625, 1.28125, 1.08125, 0.90625, 0.7562500000000001, 0.6312500000000001, 0.53125, 0.45625000000000004, 0.40625, 0.38125000000000003, 0.38125000000000003, 0.40625, 0.45625000000000004, 0.53125, 0.6312500000000001, 0.7562500000000001, 0.90625, 1.08125, 1.28125, 1.50625], [150.40625, 147.68125, 144.98125000000002, 142.30625, 139.65625, 137.03125, 134.43125, 131.85625000000002, 129.30625, 126.78125, 124.28125, 121.80625, 119.35625, 116.93125, 114.53125, 112.15625, 109.80625, 107.7003062571832, 106.83247262654322, 109.13320215744713, 118.11796249479062, 140.45888725270453, 189.7128484144545, 296.6585311274762, 546.7086473953186, 1000.0, 1000.0, 1000.0, 1000.0, 1000.0, 1000.0, 1000.0, 1000.0, 1000.0, 1000.0, 1000.0, 1000.0, 521.0336473953188, 267.03353112747624, 156.13784841445448, 102.93388725270455, 76.64296249479061, 63.70820215744714, 57.45747262654323, 54.37530625718319, 52.53125, 50.931250000000006, 49.35625, 47.806250000000006, 46.28125, 44.78125, 43.306250000000006, 41.85625, 40.431250000000006, 39.03125, 37.65625, 36.30625, 34.98125, 33.68125, 32.40625, 31.15625, 29.931250000000002, 28.731250000000003, 27.556250000000002, 26.40625, 25.28125, 24.181250000000002, 23.106250000000003, 22.07064898231317, 21.18031962452428, 20.65087545771135, 20.796586899076097, 21.994824768378724, 24.597738233571246, 28.754020653512956, 34.19412262486033, 40.15597698463166, 45.646078955979036, 49.887962393607566, 52.506205216588974, 53.43388725270454, 52.70888725270453, 50.331205216588984, 46.26296239360756, 40.571078955979026, 33.630976984631644, 26.219122624860326, 19.329020653512952, 13.722738233571247, 9.669824768378724, 7.021586899076093, 5.425875457711349, 4.505319624524279, 3.9456489823131693, 3.53125, 3.15625, 2.8062500000000004, 2.48125, 2.18125, 1.90625, 1.65625, 1.4312500000000001, 1.2312500000000002, 1.0562500000000001, 0.90625, 0.78125, 0.68125, 0.6062500000000001, 0.55625, 0.53125, 0.53125, 0.55625, 0.6062500000000001, 0.68125, 0.78125, 0.90625, 1.0562500000000001, 1.2312500000000002, 1.4312500000000001, 1.65625], [150.58125, 147.85625000000002, 145.15625, 142.48125000000002, 139.83125, 137.20625, 134.60625000000002, 132.03125, 129.48125000000002, 126.95625000000001, 124.45625000000001, 121.98125, 119.53125, 117.10625, 114.70625000000001, 112.33125000000001, 109.98125, 107.8753062571832, 107.00747262654322, 109.30820215744714, 118.29296249479063, 140.63388725270454, 189.88784841445448, 296.8335311274762, 546.8836473953186, 1000.0, 1000.0, 1000.0, 1000.0, 1000.0, 1000.0, 1000.0, 1000.0, 1000.0, 1000.0, 1000.0, 1000.0, 521.2086473953188, 267.20853112747625, 156.31284841445446, 103.10888725270455, 76.8179624947906, 63.88320215744714, 57.632472626543226, 54.550306257183195, 52.706250000000004, 51.10625, 49.53125, 47.98125, 46.456250000000004, 44.956250000000004, 43.48125, 42.03125, 40.60625, 39.206250000000004, 37.831250000000004, 36.48125, 35.15625, 33.85625, 32.581250000000004, 31.33125, 30.106250000000003, 28.90625, 27.731250000000003, 26.58125, 25.45625, 24.356250000000003, 23.28125, 22.231250000000003, 21.23532633666255, 20.391455516036363, 19.850875457711354, 19.786916719319002, 20.345011116923935, 21.56381714748194, 23.308594551183496, 25.270448917354823, 27.06522632105638, 28.38403235161439, 29.063050412556766, 29.042962494790608, 28.317962494790606, 26.888050412556765, 24.759032351614387, 21.990226321056376, 18.74544891735482, 15.333594551183499, 12.138817147481944, 9.470011116923933, 7.461916719319005, 6.07587545771135, 5.166455516036361, 4.560326336662547, 4.10625, 3.7062500000000003, 3.3312500000000003, 2.98125, 2.65625, 2.35625, 2.0812500000000003, 1.83125, 1.6062500000000002, 1.40625, 1.2312500000000002, 1.08125, 0.95625, 0.8562500000000001, 0.78125, 0.7312500000000001, 0.70625, 0.70625, 0.7312500000000001, 0.78125, 0.8562500000000001, 0.95625, 1.08125, 1.2312500000000002, 1.40625, 1.6062500000000002, 1.83125], [150.78125, 148.05625, 145.35625000000002, 142.68125, 140.03125, 137.40625, 134.80625, 132.23125000000002, 129.68125, 127.15625, 124.65625, 122.18125, 119.73125, 117.30625, 114.90625, 112.53125, 110.18125, 108.07436423807128, 107.15080251766653, 109.24912870248818, 117.76305041255677, 139.156205216589, 186.65060577252183, 290.55948149908875, 535.84903095382, 1000.0, 1000.0, 1000.0, 1000.0, 1000.0, 1000.0, 1000.0, 1000.0, 1000.0, 1000.0, 1000.0, 1000.0, 510.1740309538202, 260.93448149908886, 153.0756057725218, 101.631205216589, 76.28805041255677, 63.82412870248818, 57.775802517666534, 54.74936423807127, 52.90625, 51.306250000000006, 49.73125, 48.181250000000006, 46.65625, 45.15625, 43.681250000000006, 42.23125, 40.806250000000006, 39.40625, 38.03125, 36.68125, 35.35625, 34.05625, 32.78125, 31.53125, 30.306250000000002, 29.106250000000003, 27.931250000000002, 26.78125, 25.65625, 24.556250000000002, 23.481250000000003, 22.431250000000002, 21.406662296626962, 20.43532633666255, 19.580319624524282, 18.918057119518824, 18.5129585099785, 18.38087518353458, 18.466760763638728, 18.650837354995236, 18.786722935099384, 18.754639608655467, 18.499128702488175, 18.008202157447137, 17.28320215744714, 16.324128702488178, 15.129639608655467, 13.711722935099385, 12.125837354995236, 10.49176076363873, 8.95587518353458, 7.637958509978498, 6.593057119518825, 5.805319624524278, 5.210326336662547, 4.731662296626963, 4.30625, 3.90625, 3.53125, 3.1812500000000004, 2.85625, 2.5562500000000004, 2.28125, 2.03125, 1.8062500000000001, 1.6062500000000002, 1.4312500000000001, 1.28125, 1.15625, 1.0562500000000001, 0.9812500000000001, 0.93125, 0.90625, 0.90625, 0.93125, 0.9812500000000001, 1.0562500000000001, 1.15625, 1.28125, 1.4312500000000001, 1.606